start=312.760000
volume=82.000000
fullscreen=no
