start=18.080000
volume=82.000000
fullscreen=no
