start=423.857000
speed=1.000000
volume=62.000000
fullscreen=no
