start=181.080900
volume=78.000000
fullscreen=no
