start=12.740000
pause=yes
volume=94.000000
