start=1346.445000
volume=72.000000
fullscreen=no
