start=273.160000
pause=no
volume=30.000000
