start=350.120000
pause=no
volume=30.000000
