start=371.880000
osd-level=3
volume=26.000000
