start=342.840000
volume=60.000000
