start=359.000000
pause=no
volume=30.000000
