start=648.080000
volume=112.000000
fullscreen=no
