start=6937.900000
speed=3.138428
volume=146.000000
fullscreen=no
sub-ass-override=force
