start=3909.333000
speed=1.464100
volume=194.000000
