start=68.221990
volume=60.000000
