start=92.866667
fullscreen=no
video-aspect-override=1.333333
