start=3.881001
volume=50.000000
