start=48.339958
volume=94.000000
fullscreen=no
