start=565.100000
volume=85.000000
fullscreen=no
