start=358.725033
volume=96.000000
fullscreen=no
