start=527.400000
volume=74.000000
fullscreen=no
