start=683.033000
volume=60.000000
