start=710.458333
volume=62.000000
fullscreen=no
