start=4780.533333
speed=1.000000
volume=187.000000
fullscreen=no
