start=771.217000
volume=58.000000
