start=682.600000
volume=120.000000
fullscreen=no
