start=4761.033000
volume=200.000000
