start=2.944600
volume=50.000000
