start=94.866667
volume=50.000000
fullscreen=no
