start=385.000000
volume=102.000000
fullscreen=no
