start=782.160000
volume=72.000000
