start=131.900000
volume=46.000000
fullscreen=no
video-aspect-override=1.333333
