start=511.310800
volume=64.000000
fullscreen=no
