start=294.834000
volume=72.000000
