start=134.240000
volume=48.000000
fullscreen=no
