start=1663.200000
volume=76.000000
