start=1856.321000
speed=1.100000
volume=54.000000
fullscreen=no
