start=109.400000
volume=50.000000
