start=166.867000
volume=48.000000
fullscreen=no
