start=15320.846000
volume=90.000000
fullscreen=no
