start=1879.300000
volume=122.000000
fullscreen=no
