start=679.379000
volume=60.000000
fullscreen=no
