start=179.967000
volume=64.000000
fullscreen=no
