start=1185.960000
volume=86.000000
fullscreen=no
