start=254.787867
volume=68.000000
fullscreen=no
