start=1464.129333
volume=70.000000
fullscreen=no
