start=364.630600
speed=1.331000
