start=15.915900
volume=94.000000
fullscreen=no
