start=612.979646
volume=82.000000
fullscreen=no
