start=52.071750
pause=yes
volume=64.000000
