start=1608.833333
volume=68.000000
fullscreen=no
