start=244.500000
volume=94.000000
fullscreen=no
