start=13.566667
volume=76.000000
fullscreen=no
