start=758.040000
volume=102.000000
fullscreen=no
