start=1063.897000
volume=102.000000
fullscreen=no
