start=701.901200
speed=1.331000
volume=92.000000
fullscreen=no
