start=2.000000
volume=64.000000
