start=3.616667
volume=64.000000
