start=13.633000
volume=106.000000
fullscreen=no
