start=356.857000
speed=1.464100
fullscreen=no
