start=276.820000
speed=1.331000
pause=yes
