start=780.433000
speed=1.210000
fullscreen=no
