start=606.183333
volume=98.000000
fullscreen=no
