start=276.643000
volume=50.000000
