start=703.936567
volume=84.000000
fullscreen=no
