start=784.633000
volume=68.000000
