start=25.466667
volume=68.000000
fullscreen=no
