start=810.480000
volume=82.000000
fullscreen=no
