start=2506.867000
speed=1.464100
volume=108.000000
fullscreen=no
