start=7.019931
volume=60.000000
