start=545.779000
volume=88.000000
fullscreen=no
