start=11.958333
volume=56.000000
fullscreen=no
