start=260.700000
volume=72.000000
fullscreen=no
sub-pos=101
