start=392.033000
volume=46.000000
fullscreen=no
