start=488.588100
volume=64.000000
fullscreen=no
