start=108.483333
volume=88.000000
