start=304.280000
volume=92.000000
fullscreen=no
