start=20.833333
volume=94.000000
