start=3.097528
volume=70.000000
