start=0.740000
osd-level=3
ab-loop-a=0.000000
ab-loop-b=24.630000
