start=1459.725000
volume=118.000000
fullscreen=no
